11
-1 74 77 76 29 37 34 87 60 79 62
74 -1 56 88 27 7 38 97 34 59 83
77 56 -1 86 49 70 80 72 64 38 20
76 88 86 -1 68 5 97 47 4 56 38
29 27 49 68 -1 70 69 5 89 45 36
37 7 70 5 70 -1 15 91 86 77 28
34 38 80 97 69 15 -1 94 8 40 71
87 97 72 47 5 91 94 -1 16 27 48
60 34 64 4 89 86 8 16 -1 25 61
79 59 38 56 45 77 40 27 25 -1 12
62 83 20 38 36 28 71 48 61 12 -1
